0316299883
0301971598
0108625617
0314092481
0301010957
...0.0.0.......
0303220082-001
0315887032
0303461112
3700549288
0309890622
0309758374
2000383652
0302874156
....   ...
0104349814
0304676128
472033000269
0310840898
0316086765
0316031999
3700330954-005
0316297117
0201324501
030231760-001
0305892724
0200845029
0315361923////
0315546829
0400129992
1800172881-003..
3800409037
0109213172
0104873640
"        ,,,,,"
100111948002
00000639BL
445/2003/QD-UB
..............0
0303534963-001
00001390BL
0108628939
0310100942
5004000061
1300252754
0311106489
123456781
0101531342
0316008527
0310359085
0200473349
8053042752
0301755621-3
1201614266
2802792593
1100414415
0315998448
0315733025
0315739362
0305019573
0315667580
0101951548
64F8009088
0301446045-1
0109149752
0310733920
0311443981
3101065425
0101306731-003
2301078282
0309867743
0102198969
0315890042
0201086374
0201736720
0316167894
0303052134
0308379119
0107891990
4200716729
0202027660
0310737308
0315659692
0315838797
0402014154
0303327438
3300871042
0311695668
0302160095
3900391707
0314099705
0311699020.
4800175951
0309935979
0316200654
0313837967
0109256095
0101210853(new)
5801340857
0310200136
3602980746
0310810798
0315393770
0200511957
0101057919-018
3400846610
03K8002548
0401972549
0315855785
2001135250
0200758707
0108594493
0316034189
0105420763
0309391197
0302065074-1
0309486402
0304506905-051
3701799266
0200788701
0315908613
1200710288
4201583817-002
6400056632
0302502951
0302648340-002
0108499112
0310461508
0315864973
3900850439
3603726492
1702017447
0304279096
0316260269
2100653493
0315883172
0109152603
1800271762
0315669517
0313129900
4101502268
0305987863
0309440422
0316021398
0109030450
0304937912
0311333160
0315862895
0316023081
0300588569-015
0315801317
3300868307.
0401939358
0401827439
17I8.0141140
0315342085
0401896048
3701132384
0302186167
5900890160
0311260441
3500769945
0201179212
1101022033
0109065816
1200771650
1000367056
0316138741
0301483696
0312632413
0308052434
4200750705
0316181017
3300345642
39002443251
3603625127
0101890574
0316141328
0107920560
6100104028-005
0102544506
0315524127
0309556829
0309503785
1101289615
0310668076
0307829728
0309717233-001
0316258439
0315886021
3603650860
8574455124
0315469469
3401206042
1501016690
0315721809
0315567219
0201963755
0301380683-001
0309595472
0303366652
0316136014
3401194358
3001480749
2400651024
000019508BL
0315709745
0302393935
3702663243
0316174612
0315990745
0301111507-4
0316340884
0316153108
0316214537
0108587506
0107471837
0315714745
0306200408
0304027564
0302015066
0302994781
0304583480
0303392959.
0104326535
3702740152
0315879306
0302628827
0200770084
0316116138
0108579583
0311124079
0305141943
0..00..0.
1301091443
2200672299
0301761833-001
0315930778
0600938045
0312272538
0309082329
3700606560
1300422131
3602391035
0315672799
0315912458
1501107926
5901139119
0316347022
0101651840
0311017052
0303490096-001
0303121412
0303612481
0309810641
000019324BL
0311821023
0305785176.
3801167479
0315534083
3600750874
0101361933-001
0102778536
0304514864
4201832083
0302507332
2400853775
0104220842
3702359518
0315854340
0300467483-1
0309256198
0301967390
0200911088
0104371792
0300460907-1
0109150998
0601115894
6000.440996
0108623289
0304563212
0310598446
0315882563
0315490189
0108345377
0316189880
0108547214
0304040614
0316032657
0315585049
0316006431
0204001246
0101229798
0316282583
3801197924
00001454BL
0305139944
4200667648
0201970128
0308980048..
0309585756
0316307855
0103591354-002
0311126781
3600252847 - 1
3600685470
1101927579
0201245793
0315554611
0306139961
8325551300
00000867BL
0601164877
3600909226
0300608092-011
0316185766
4200601206.
0311612291
0303134644
3900936541
0200131176-017
0108290304
0315568357
0102818274
3200099986.4.1
4201251579
0305331856
0102371966
0316185452
0310118410
0309259752
0309764321.
0315715386
3603559812
0315435981
2301123383
0310340207
0315983667
0304697907
0316105619
1101916619
0108649657
3603465145
3801219399
0310892952
0304757916
2000681867
8291762170
0316187900
0315439658
0300463792-1
0305132184
4101521285
0304494696
0308265961
1300351339
0304409549
0315160462
0313881701
0200761636
3603542449
00000000000..
0109026510
0307463745..
0305915890
0315827668
6001119739
3602827603
0401960374
0302921543
0109091372
01G8021697
1702055587
0108665401
0104873834
0108855201
0310431493
0302310858
0315749018
0316383285
0309380364
0102774108
5100137141
0303368963
0305163464
0304046581
0315526283
0315710451
1101951162
3700865251
1701432578
0302868787
0103490839
0316172291
0308092469
0309910075
8117223362
1101833666
0316350145
0312585788
0303883379
0315968884
0315668520
4100910137
0310084627
0311345695
0314614314
0108847271
0102020686-001
0304527091
0315846050
0202014164
4201815659
0314641558
0900286880
0305905959
3300272793
0304065908
0300100037-025
00001915BL
2901125449
1101827454
0101499522
0315550423
0303894116
0108841375
0313622513
3600251642-006
0315500574
0310319910
3502416430
0314989458
0316135500
0303290072
0312162239
0200752310
0401950496
3603600637
3301493192
0301836694
12313......
0304491039
3502177091
000019568BL
0315846974
0306205928
0201740413
0302522926
0107829054
4100515962
0106707078-001
0201134613
0315794130
0301482082-1
3200041908
0304069028
0301470802-1
0302983395
3702798152
0316322268
0300467606
3901257574
0201826822
0108938722
0103774830
3800501554
0316198839
0315938054
17A80043532
0306967387
0316189922
0311409980
0305771769
0200554069
2400299003
00000081BL
0302567652.
0315719535
3801218268
0304987701
8117412793
0310175024
4300717109
0315951312
0309846912
0316327227
5800001065
0305870618
0300449195-1
3502427665
0313834959
3603715395
1700449339
0316148274
0315840281
0303333583
0309189135
0312481411-011
0310846875
0315580266
0101070395
1701011837
0202027357
0315579408
0315728233
00001823BL
8237933484
0309916278
0304807042
1101920848
0101515686.
0310146383
0309748714
0500445198
0310072565.
0102724185
0304725985
0313611617
0310676422
0315654045
0306452814
0315798199
0301961342
0301896051-002
0310476825
6400031532
0315336645
0304489456
3602504105
0303096879
0316140451
0315606274
0312132428
0303907051-001
0301443051.
0316090592
0316088064
0202027300
0305225897
0310833548
301368580
0312600436
0303672875
0316232430
5800001097
0315631746
0304105533
3801219511
0305754957
00000986BL
3602404478
1101882864
0316042782
0104829144
3400358155-001
0401916819
14/QD-UBND
2000455730
0313843939
3502420846
0400541719
0316277047
1200924508
0108715469
0104266075
0309488544
0303321789
0316379634
0302975845-002
89/2017-HYH/QD
0108388839
0316247606
1101931215
0108779656
0309329600
0108685895
0200583126
0316193157
0200985467
0310574276
0108578195
0109249309
0316322194
0201036422
0312576800
0100111761/
3502420194
0303218855
0305069662
0109157104
0304872186
2241/2005/QD
2200721972
0200903471
0200579095
0315625911
0201182705
1201619497
0305262962
1000715578
0800268165-001
0118006913
0316024134
0305575796
2700284689
0302175126
0302050705
0315516750
0316048047
0316332097
392010001610
3702864285
012144GP/TLDN-01
0304315756.
0101388188
3000787311
1380/QD-UBND
0314768378
0105548192
0304091111
0305892315
2001288715
0305030922
0315920723
0315847079
0311700653
0109177365
0315800017
0314470479
0307768874
0315702450
0308114338
000019924BL
0309234719
0309829402
0305572851
0303136296
0304004743-001
0310809834
0303037633
0312282670
0305480791
32D8008114
0309205235
0101794729-001
0303897540
4300319884-001
0108536999
0309510126
3801070660
0100111761088
0101567589-001
0302986501
0313104310
0302530074
0109047782
0305429812
0314008271
0315520757
0104033232
0315480568
0108469887
0310277587
0315892314
021507000002
00001455BL
1801662141
1101928540
3700399811
2500636566
0315533178
0303000640
0108803450
0302898943
0316246472
0901053536-008
3301060086-005
0309536597
0302160112
4201849672
000019602BL
0316151333
0315486062
0310789948
0302917191
0315213241
0311364017
3603154703
0316249522
DKKD053755
0315533097
3400434568
0309535025
0315763100
0305395835.
0316214262
0105043226
0104632846
0314769685
0304203403
0311589356
0311655312
0100960469 
0102454700
0302142924
6000660800
0316090320
0315459728
0315776702
0109105723
0315457939
0315909938
03G8002313
0307658159
0304367680
0312602641
0309343612
0311361545
0315863634
3700656762
0311529082
3701013877
0316334506
0303358637
57K8002839
0305321054
0315668665
1800271787
0302754959
00000732BL
0309251506
0313840543
000000000000..
0200784922.
0315416636
0200942551
0100515436/
0101063479
8013212398
0308870912
37E8009144
0106823679
0315773476
0304513814
3502368138
0311504070
0302754980
0315989796
000019920BL
0316026741
61A8016315
0200768173
0100598866-1
0302671685
0315574199
0402018656
4100515507
0200608878
0315517264
0315532262
3700407759
0201101054
0316140571
0315883373
0315911849
0310807837
1201608216
4900325819
0100686174-209
0500232898-1
0200625312
0302629027
0102210870
0107952918
3400372618
0315935688
1702163504
1101848091
0101610146-005
0316302991
0201920938
0315842095
0305916284
0311872490-001
0316296748
03006991700021
0309482743
45A8016506
0309871203
0315993866
.00000000.
0201318699
1601017345
0109215275
0304529902
0200126539-1
8006065833
0109116570
1101892206
3502239044
3500888075
0310000916
6000514574
0401963752
0108851052
0302721706
0315564345
0308113038
0315703479
0312474213
3500397415
0303709596
0304787269
0310556277
0108622373
0311415416
2801426410
0315550085
2802760778
4200526710
3702581375
00001799BL
0500569436.
0200698462
3601066473
0315740872
0901026130
1601957652
0315515161
0305134946
3702757727
0316044356
0306008172
0108995551
0315588554-002
0315882757
1702143314
0305294851
0314697198
0312823344
0311107965
0315606669
0201991537
0200843208
0304605198
3702862792
6000833845
0305094919
0109024792
0200584779
0315904658
..00..00.
0316184804
0315736072
0315462696
0102054438
0108621299
0302452482
0312187554
0302901882..
0315477491
0106637977
0302374040.
0302685624-003
41P8019378
MST0900108493
0306209746
0310799752
0108986388
0316339705
0305130204
0301452948036
0301986153
0305044192
0102855170
0316094798
1101926977
0309588806
0103407693
4200239466-001
0314585102
3700977974
3702874533
0313052704
0304239287
0300992066-1
0302039010
3600921287
0309430216-007
1201595253
0315549971
0311750492
3301671938
4201135935
0315710645
0315979540
0304058876
8354465455
0316020958
6001682973
4001029217
0303714966-001
3702880720
0309133277
0109075765
3701630559.
8096838683
0310615613
0313253584
0301452835
5801418849
0201156455
0311810462-002
0400128438-1
0108561723
0200424408
0312873377
0313723021
3600855997
41T8028417
0303800005
0315036899
0304100567
3601413536
0309267513
0310347869
0305079156
00001533BL
0100109106-062
0313689363
1101088732
0302104774
0300398889-066
T...............
0310939343-018
0401545434
13/GP-BC
0305196692
0315792655
0309290110
0305622943
2001299273
3702749878
0302350480
3801210639
0316211938
5800563498
0305338876
0310249798
3702599252
0304537614
5801275950
0314415358-001
0309190677
0311675358
0310598679
0305038569
5700401912
0311651452
00001665BL
0304772470
8086083257
0309612992
0315579599
0301452793
0311015908
0309549035
000019798BL
0315442379
0310070159
0200597489
0316358384
0303964162
00000094BL
0109150109
5801149360
0314930158
0302041122
4201847587
6001123397
0303875071
3901277066
0303350645
0311616320
0315373284
0302755656
0313763521
17A80011821
6000473409
0108538964
0316356348
0310069971-001
0309582515
0102737963-025
0315790760
2802805549
3002131973
0310756928
0315677349
3301664095
0313267629
0109242423
0310271289
3200571581
0312801809-002
3008/2015/QDUBND
0101617381-001
0310674471
3601032869
0100112740002-1
0316219077
0306891988
0310620959
0316109934
0315733730
0304041022-001
0310295882
8049939243
3600725074
5100165283
0309916831
0315275505
0308994227
0309936309
0305986972
0304071757
000020323BL
0200810026
0303480796
0311941257
0316250197
0200843455
0310517126
0316307608
0303416222
0315799474
0201765055
0201952552
0309819108
1000376050
1500236037
1201481792
4400358213
0303523513
0301450267-1
0309092944
0313258007
3600842902
0109015149
0307047079
0315597647
0308983553-001
0306056112
0312251457
0302400780
03014291131
0309163440.
0315629698
1101930282
0100107564-008
0311248772
0102304575
0402040108
1602121035
0316278192
0305564089.
0101032826
0303815139
4201599447
0315808584
0315863176
1400485417
0302372156
0108328300
361899982
4200526686
0316104397
0300692986-1
0315611436
3700376282
0305479041
5801401041
4201676927
0303615852
0305711664
0311882749.
0312239442
1200104255
1101925331
0105777650-001
0316237929
0200461946
3702188502
0313686411
0309314241
0102355548.
0305152198
0302938610-1
0304427001
4201691555
0304097561
0315486880
1201510411
00000747BL
0313860130
0109118546
0301514626
1702072039
0316029647
0309728387
0109115785
0102275726
0305648363
0316318014
5500214827T
0301433487-2
3603632646
...123...7
0302182099
0312390482
1400544736
3602399235.
0305500487
0315551025
0304087718
0304519478
4201815722
2901099943
1201605550
0105439186-002
0312946554
0315585560
0314551431
3702592955
0316336849
0305866869
0315996296
2132217//
0102810356-001
0315565980
3702714811
0.0.00.000
0312214984
3002105701
0108565862
030446660
0315818166
0308530539
4000529369
0313483796
0313479736
0315891744
0304076427.
0315478745
0100516045-001
0100364307-001
0101664889
0201234858
311577368
0308218880.
0200550554
8178409357
3502327050
0303296081
0315801444
0315555693
0309573422
0301481064
0104179496
4100546463
0315799812
6300043372
0315681264
0312169361
2365248965
0316351420
0300850343
0315921188
0315472609
0109054469
2900757815
0312553105
0200889629
1101826796
0316208300
0302408162
3601695464
0101000920
0108617687
0304319013
8104307858
0303152770
0104119722
0108868585
3002043565
00000487BL
1101939711
0401958537
0302349125
3702725813
0315613930
0302892250
0310597611
0305877853
0302604216
0302772813
0316234043
0304750300
0305328892
0315654969
0101912316-001.
0105485432
0315652778
17A80044385
0109132822
0305736732
8137720179
6400223763
0315947281
5900412894
0312835004
0301458065-036
0316132203
0302314179-004
0108911008
0305181858
0311481909
0104120125
0303405598
4200710808
0316376425
0108652466
0303925886
0315499022
0108541646
0305472134
8078560227
0300449420
3702785971
3502408662
0200114773-1
0315661451
00000257BL
0314318322
0109126603
0101543034
0304598310
0303944430
0109101951
0303873638
1101927515
0304529726
0300874961
3700621583
3800697642
2802400969
0302993756
0300757538
4601554659
0316236523
3500100110.
0109102962
0303179934
0302067829
00000671BL
0101902759
0315562404
0306587748
0315539853
0315055919
0301195169-1
0306146648
0305984541
3701658811
5700656565
0309998993
0316214488
0305402994
0309943722
3702734913
0316160828
0314961614
0101770799
0315616868
1201602711
3600973736
0315793296
0303275807
0313466783-004
0311806113
0305704522
0302862854
0333845307
0310404115-002
000019638BL
0202014326
3700421577
0314397684
0307197268
0200545963
0315705645
0316277939
0315332425
3001252943
0312490060-004
0311774013
0315320162
0315854044
0315618713
0201911203
00000849BL
00001304BL
0305004658
0303648456
0301332168
2000362268
0304355325
00001165BL
0315926651
0302220280
0303390214
3501559394
0302451104
5701455861
0109082995
3701798449
0401960575
0305643615
0201271722
103010299
3300375904
0315418898
0300915311-1
0302606742
0200915660
0201283735
37I8005511
0310629528
0316238055
0302001207
1801325308
0315244017
0305809388
2300103521-002
1100848652
0315852093
0302492615-002
41M8022999
0311512466.
0202014238
0305670094
0315697232
0304714292
0303150727
2300641456
0302783572
0200585317
0304638362
0306013091
0316156148
0316143597
0303958458
0301176744
0315897993
0315694168
1301026638
3300276290
3502424914
0303901998
00001932BL
0201145372
4200357727
0316277343
0302249586-001
0302690991
0400508969
0806603654
0309135066
3200268313-001
0301341035-4
3700908917
1101918398
0302541372
0108905131
0601180300
0315476233
0302917554
0303258551
3700146176
0309580758.
/0102149922
0316376270
0304137831
0401992168
1101908985
0302441836
0311005297
0316142360
0316050906
5300462646
4001193150
6100177555
3702421815
3900579089
0315554770
00000288BL
0200741647
0302944389
0315524286
1101878579
0109187902
0305812655
0202023585
0311169513
0306419077
0315767659
0302798635
3600823459
0315148828
0309133291
0201145301
0315555478
0310230123
0100110285-001
0315586116
0305104444
0104936604-003
0315463587
4300337562
0309105696
0305412537
0316061908
0310460504
0311785590
0311173534-005
0316282047
03014435411
0201317751
0315553488
0200807087
0109060913
0100109106-066
1601330036
8013442264
0304700412
0316033227
000019490BL
0315548424
0315751578
0303056756
1500161455
0302570045
0304302891
0108743681
0402006731
000020010BL
0316232085
0316221809
0303887165
0104979904
3702651632
0303744336
0305265561.
0306418901
0400589968
01100005960
000001234
0400485574
0316067466
0402006019
0302685783
0100837592
0315572120
0316075636
10 0021412 3 005
0309796669
6001142696
1101657403
0309861639
1801028665
3600806580
0109046563
8118033149
1101896930
0306288392
0309588933
0316200848
0314826171
6400296659
0316105048
0303917476
0315601942
0303566683
0303201259
4300615682
0315543994
0315713766
0315460635
0101948520
0400339083
0311693477
0307602685
0311810462-003
0307184244
".....0.,    "
0900629337
3038117108
3502409063
2400860807
4201096838
0315547773
1601337666
0100774568-1
0311527261.
0100107099-037
0303639620
0201132493
0400549228-003
0303808269
0315747691
0103712672
0305918595
0302418234
0300466627
0311641415
0316122357
0106068343
1501105502
6309/qd-ubnd
0309589260
8109213787
0104104356
0201997056
0311881784
0300942001-031-1
0315030696
0316318631
0310802500
0312632519
17I8.008271
2001176923
1100847867
0301656204
0315969479
0315782199
8056362091
1801049954
3700970111
0108647071
0315770940
6001652658
0310154916
0304058562-001
0310758876
3600669084
0800287312
0304620781
0303580039
0308358461
4700119777-007
0200741277
00001649BL
0302571698
0102050465
000019577BL
000020127BL
000019254BL
3602972914
0200811051
8395292635
0301589050-001
0310088974
0311304593-002
0315954401
0307665364
0308625149.
0315771260
0100105084-013
0309394550
2500619803
0109228965
0316171964
0306508464
0315490982
0305431459
0315686199
0304686493-001
0309190074
0305246713
0302798586
4200602055
0301696408
0305970193
0303739167
0311530296
0309885742
0305728072
1800586240
0315909663
0315686336
1aaaaaaaa
000019848BL
0304152893
0304866961
0100233488-001
0313308321
8276262712
0303522598
2802622464
3700600424-001
1100799405
0402042105
3600667418
0315951295
00001761BL
41U8008891
00001211BL
0100101114-015T
0315869749
0316173778
0315847456
0315859846
0316123537
0303865281
0107333139-001
0303054692
3901293910
0315668619
3801220972
0102021506
4001208294
0304129887
0107883541
1602115539
0313922436
0312187515
0315675020
0109000079
0313810203.
1101952783
0400634258
0201981602
0311682267
0201958850
3501488376
0315623135
0109205372
2000480374
3700726699
0201082235
1602096646
0304343175
0102312110
0109088676
3702887116
0108578075
0200611782
0101947284
0200762894
0311158977
0316115977
0107341771
0309790360
0304011613
0308894166
0315576904
0312226595
0303379732
000020137BL
0201043740
0302515742
0316057901
5800889 274
0315989972
0315667855
0315081549
6000559737
0400696310
3700788367
000019138BL
0200749283
0302595603
3700898031
0303303772
5702022564
4201800902
1702183892
313591826
0305185524-001
0314308370-003
0315589565
0400610056
0316069424
0304693532
0315463386
0315572699
0316157857
1400113747
3400549576
0315587328
0315987069
0305403927
0105296548
0306386897
0108851077
0109263046
0200736069
0316210451
4101566159
3700426085
0108499465
0316146703
0309542537
0305005813-001
4300420193
0400501515
0310594392
0314818910
0310208382
0309982513
00000442BL
0302636440
0301928634
4200704522
1800863092
0316193580
1101880458
0309346719
0316274423
0311131012
1601084895
0201094713
0305606490
0316269568
0301707579
0316232399
0400458411
3400359536
0108907428
0311052970
4200284525-1
0200495021
0101007837
0108835854
0310939343-013
2000485848
0200602322
0304157468
0316181747
0315961448
4500492413
4200739719
0302684010
0304756817
0106368805
0102562840-001
0315825290
0302048022
1000416458
0310698828
0313127621
02600203284
0310291542
0315972707
0200734128
0201976440
0400523244
2000503198
0315885243
1200869575
0316213935
0307659032
0106006989
0307782029
0402026600
0402036486
0315841454
3800635170
0316296988
0303990941.
0315516581
0303112802
0315827435
0301792260
0315521951
0201245176
3900921136
0310337437
4300476213
0306853816
472043000248
0301003318
8093288671
0109064065
4000373552
31312000038
1101896948
0200738764
0303329107
0302575357
5900432234
0109150885
0301044547-1
3800265811
0316379546
6001329831
0308742702
0316165424
4103008583
0315818800
0309408323
22B8013808
3702806406
1401857788
3700582648
1600839670
0401952380
0200768649
0109007885
0200807619
0303725904
0303897195-007
0109106484
0106117537
3702756755
0201992178
0310777082
0308983916
0200843416
0315643082
0310385705
0300784933-0
8139491051
0316071582
1201616545
3600789092
8283427595
1101946758
0301979526
0200468035
0315832065
0100109106-060
0101785347
0304221032-002
0310294494
0305285159
1601378158
00001260BL
0315886039
3501982232
0301840443-1
4201872752
0316335228
0316132700
0315667213
1200530038
0316133969
3500544074
0305238695
0315664903
4200523903
0309429154
0313312046
0311181380
3602183740
1100947491
0309728323
0105491517
0315617822
0302406461.
0304473706
0303689043
0315935092
0305910236
1801229509
0312067345
0316171040
0316016630
0200572501-001
3600360680
6100947162
0304700927
0402048234
0303517189
0310101833
0311518235
0109121267
1600681666
0305070749
0200725733
3702602628
01M8021514
3000439508
0200941269
0303009883
0309522298
0316095872
0103242378
1100622535
2800720360
0106878690
3800266371
4201442301
0316266581
0309128069
0316241202
2901995724
0315478551
0315290912
0300938037.
0315526290
3002135777
0308359521
0202019204
0309612696
0108570238
4101562926
0303796630
0315934331
0102776994
3500785231
4101551378
3603307163
8034114306
0302845028
3002071562-001
0300517173..
5701939936
1801123848
00001803BL
1800385939
0302316070.
0316152739
0304210464
0200901996
0311512579
236/CNV-HD
0301850191
0309558128
0312143349
3601026216
0316333541
0311152598
0309142313
0301443277-1
0311873208-001
0601177548
5801425892
0201083542
000019892BL
0311953774
0315664124
3601489831
0315581220
0316289684
0315746338
00000549BL
0200742947
3600785429
0303580825
0301441992-1
1400543764
0100887226002
3702375164
0303444276
1101927480
0307028453
0301445436-1
0315915219
3700313645
0305696790
0307444446
0316342306
0401932916
0301514496-1
0312726397
0302933556
0200668115
0305670714
0309266132
1900286917
0312217738
0201113437
0311349273
0312985105
4201896827
3801094502
0301226674
0304052948.
0108750463
3602368212
0109170169
0500582613
0108828007
0312144342
0315867484
0314469307
0316126746
4400942362
0401947334
0302226966-001
0301340497027
0316080065
0400456598
0305673916
4102040525
0316288747
0315999184
3900606159
000019932BL
0305079780
0315859998
613084D//
0107674058
0108759956
0200979343
0202016235
0315762072
0303768432
0302854350
0301428952-001
0310279513
0315536806
0309348025
00001115BL
1301079397
3702868201
3603683312
3601411169
3502411496
0305139888
0305867005
0107227613
0305308864
0308089353
0310510970
5801412597
41T8013491
0315901103
0311818292
1500529516
3702200679
3602535382
0313165722
0100686209-116
0316330269
8313621433
0315486841
3502322422
0316275956
0316062595
3300545345
000019867BL
0309794527
0316227078
0109047045
0315582619
0311872500
0302643550
0305019358
2900329055-018
0304950236
0315649655
1100834843
6000939087
0315547692
0310713145
0315760780
0302963938
0315595054
0901058830
0310349739
0315747980
0311378330
00000987BL
0303087828
0316138075
0316290633
0200825008
0305304098.
0301171111
0309463331.
0309680368
0108683295
3500122026
0315452899
0201269427
0201929440
0309283353
5701372968
1201607188
3702821683
0316182797
000019655BL
0201036165
0101183303025
0302040785
3502236798-002
0103143031
0304931201
0202027572
0106070712
3603633343
0310218398
0302348379
4100724412
5801435298
3603649431
0304223216.
000019357BL
0315913772
3702834844
0311152781
3702714064
0315833157
8506849579
3701492450
0315584831
0400394662
0305886544
000.......00000
0315873632
0315713300
00001131BL
0302915148
0315644537
0303884492
5300714170
0315735960
3900774428-002
5702025163
0311978296
0315768211
0315886624
0306607585
0315820856
0315883140
0316246659
..00 .0000.
0310099937
3701693534
0305459197
0201189771
0309189801
0305805961
0108688180
0316275321
4001183402
8307900781
0316077337
0313324394
0310347643
0311215720
0000012BL
0201140776
0309919286
0316261671
0303301743
4401066566
2300312405
0316255685
1601224045
0312571055
0315958364
0314594308
6001374633
2901979264
0312372525
0304631744
0302790234
0300424088-1
0315964262
1300699422
1201318919
0309513007
3702477173
0201156127
0302918861
1201057833
0102525292
6001670343
0316056087
0109070213
0304247094
0304512909
4500144335
0305242324
0312857576
41M803686
0109239759
0401364156
0315854573
0301451091-1
0305867541.
0200729199
0309779832
0101453888-001
2901126185
0400619115
0303171734
0300392100-3
4000371763
0105108586
3702386617
0316203863
0302814703
0316119717
0108555014
0309849007
0303997489
0300402493-003
0301943311
0307665406
0311903029
4101563863
1801519744
AU001/UB-DD
8075281994
1700571057
0315489916
3900192758
0308809040
5801430980
0310029922
0300547900-2
4500600926
3701470312
0311782920
2000525025
0302576431
0315408674
3601480130
0202022260
3702825705
00001930BL
000019597BL
0307806625
0300972976
3502205119-001
1300633541
0312296257-001
0314852541
0200607560
0201036253
0315794807
0108733316
3602300422
0303745259
0315872678
2100288970
0304547732
0200431934
0402003258
2100390981
0311005307
0304791240
0301882605
3900389987./
0302453581
0301483375.
5801262694-001
0309763335
4201792031
000019342BL
0316104975
0315619717
0316140726
0315945220
0312335989
0310629454
0313647412-001
0316060439
0303508723.
0304868905
0315230173
0302751080
3603601743
0308905234
1601397471
0302636017
4300844019
0309517869-002
0314177840
3502207331
0305931099
0108532497
0109165962
0108862907
0304868398
3501595931
0301457294
0305435446
0100100079-056
0300924972-3
0303648897
0200759323
4201476903
